22 2306833 1877 1229 575932 143983 2
23 4297567 1433 2999 2146568 268321 3
24 10161323 3691 2753 5077440 79335 6
25 18942389 3041 6229 4733280 147915 5
26 43584217 6959 6263 21785498 10892749 1
27 82337219 6529 12611 41159040 321555 7
28 221643407 15601 14207 110806800 6925425 4
29 282304153 12391 22783 47044830 23522415 1
30 869985671 26717 32563 434963196 108740799 2
31 1537596787 29287 52501 256252500 64063125 2
32 3631204201 61643 58907 1815541826 907770913 1
33 5135420869 43753 117373 427938312 53492289 3
34 13311882539 130469 102031 6655825020 1663956255 2
35 21941113489 93629 234341 5485196380 1371299095 2
36 42725174083 219217 194899 7120793328 445049583 4
37 97395687533 211403 460711 48697507710 24348753855 1
38 206049643663 433421 475403 103024367420 25756091855 2
39 478046366261 476713 1002797 119511221688 14938902711 3
40 706008776849 937571 753019 353003543130 176501771565 1
41 1758781661737 916831 1918327 293129804430 146564902215 1
42 2252715200279 2039197 1104707 1126356028188 281589007047 2
43 4911456443897 1456057 3373121 613931451840 9592678935 6
44 15519334259309 3740591 4148899 7759663184910 3879831592455 1
45 20814987273719 3448007 6036817 335725448208 20982840513 4
46 63448748484379 8124569 7809491 31724366275160 3965545784395 3
47 76698860661583 6187639 12395497 12783140346408 1597892543301 3
48 181391910836177 11160871 16252487 90695941711410 45347970855705 1
49 299435908660573 9311431 32157883 49905977865210 24952988932605 1
50 565374444486823 23274931 24291133 94229066153460 23557266538365 2
51 1255966957231829 31467847 39912707 627983442925638 313991721462819 1
52 3857653709797969 59302643 65050283 1928826792722522 964413396361261 1
53 5660217289348339 58822591 96225229 943369522383420 235842380595855 2
54 9792182088976349 107091893 91437193 2448045472611816 306005684076477 3
55 22146511668858779 114362447 193651957 11073255680422188 2768313920105547 2
56 54913808377912427 226909219 242007833 27456903954497688 3432112994312211 3
57 107759707670444509 217936357 494454937 8979975579837768 1122496947479721 3
58 147832693759633801 335100517 441159253 12319391081947836 3079847770486959 2
59 346860792455719253 419653141 826541633 86715197802381120 1354924965662205 6
60 659878970474292769 1059762817 622666657 2291246419416192 17900362651689 7
61 1191368052034775239 778365967 1530601417 198561341620967976 24820167702620997 3
62 2376476597879466283 1887773221 1258878223 132026477485156380 33006619371289095 2
63 6513859281536866367 1617348883 4027491749 3256929637946012868 814232409486503217 2
