# bits N p q a r nu2(r) log2(r) lambda slack=t-2log2(r)
10 899 31 29 689 210 1 7.71 420 4.57
11 1711 29 59 65 406 1 8.67 812 4.67
12 2867 47 61 1388 690 1 9.43 1380 5.14
13 4343 43 101 4031 350 1 8.45 2100 9.10
14 8453 79 107 8448 4134 1 12.01 4134 3.97
15 29083 127 229 24984 4788 2 12.23 4788 5.55
16 34387 137 251 25590 17000 3 14.05 17000 3.89
17 88433 191 463 83258 14630 1 13.84 43890 6.33
18 200479 463 433 103279 16632 3 14.02 33264 7.96
19 471203 467 1009 17965 117432 3 16.84 234864 4.32
20 821749 877 937 118176 34164 2 15.06 68328 9.88
21 1128437 619 1823 1065086 187666 1 17.52 562998 6.96
22 2957047 1847 1601 555422 369200 4 18.49 1476800 7.01
23 6226057 1801 3457 4098359 86400 7 16.40 86400 13.20
24 10161323 3691 2753 321017 1692480 6 20.69 5077440 6.62
