1019853600009061677527 -1.506636829185e-11 -1.214737945648e-11 1.803
227170723985007794175 -1.352253118508e-11 7.745462257680e-12 1.798
1001180028760493322121 -7.589867970226e-12 1.944658843678e-11 1.798
330777802055285604816 1.313488814242e-11 -2.321203125544e-11 1.801
25023139088912420439 -3.830078615374e-12 3.846332974344e-12 1.799
1147499260792094454469 1.770936695900e-11 9.587683945378e-12 1.797
780543683286094073823 5.664688770141e-12 2.159449008499e-11 1.795
630856114244387623458 8.727758099569e-12 2.063157630849e-11 1.800
191915628025758307334 5.213028793360e-12 -2.923642924979e-11 1.794
51488771455458840492 -7.789521111468e-11 2.256318396010e-11 1.799
398136807961034362362 3.391437825018e-11 8.511295834790e-12 1.796
230262243950603885511 3.227402026185e-11 1.967269229464e-12 1.794
990014136594866867949 -3.403135412361e-12 -1.633756671615e-11 1.797
1136583801141559341298 2.813750100972e-11 1.266004662215e-12 1.791
252160371092192018464 3.458024144809e-11 2.398453137487e-11 1.800
69258688612756335709 1.563965797147e-11 -2.812440558220e-11 1.797
994376883679829519940 4.525485888807e-11 -1.701233945384e-11 1.795
39057829014176824789 -3.457443099181e-12 3.104894813477e-14 1.796
205029400606581814479 -1.872408651737e-11 -3.797125808225e-11 1.798
200593764308808932964 1.689522480253e-11 1.137084003344e-11 1.800
974136579992373713629 1.123699831101e-11 -2.124663292524e-12 1.797
1104570536145788944711 2.631832425604e-11 2.198324855485e-11 1.797
29854901800410206249 -2.394097420311e-11 5.015584475521e-11 1.793
450440915134057123534 2.072307603296e-11 -3.480615101692e-12 1.794
