1019853600009061677527 6.403325786275e-12 -5.383973475381e-11 0.112
227170723985007794175 -2.589635970940e-11 -7.433026416592e-12 0.100
1001180028760493322121 -1.991622491926e-11 1.294613374836e-11 0.100
330777802055285604816 5.703389843736e-11 -3.451570973478e-11 0.100
25023139088912420439 -3.896875877540e-11 2.757972496215e-11 0.100
1147499260792094454469 8.457883698965e-12 -2.620212033455e-11 0.100
780543683286094073823 -3.872058923493e-11 1.432867800105e-11 0.099
630856114244387623458 2.502465248910e-11 -2.217217208444e-11 0.100
191915628025758307334 3.118898195265e-11 1.078887153227e-11 0.099
51488771455458840492 -2.415524724686e-11 4.532750043362e-12 0.099
398136807961034362362 -2.434271534346e-12 -3.487464483864e-11 0.099
230262243950603885511 -1.725193946034e-11 3.234276128167e-12 0.100
990014136594866867949 -8.409693948164e-12 -8.182104299648e-12 0.099
1136583801141559341298 -6.007706485067e-12 2.686342467917e-12 0.100
252160371092192018464 -4.459840136084e-11 -3.106643761686e-11 0.100
69258688612756335709 -3.981108498419e-11 3.308417992690e-12 0.100
994376883679829519940 -6.323898436161e-12 7.534636109474e-12 0.100
39057829014176824789 -2.699569387477e-11 -2.708285332109e-11 0.099
205029400606581814479 1.865955306934e-12 1.628364457162e-11 0.099
200593764308808932964 8.154202139898e-12 1.498325422067e-11 0.100
974136579992373713629 3.500224068920e-11 -4.771352583866e-12 0.100
1104570536145788944711 7.141107150055e-12 -3.298699854937e-12 0.100
29854901800410206249 -1.648973319002e-11 1.667178547993e-12 0.099
450440915134057123534 3.089388814215e-11 -4.306863459619e-12 0.100
141849150313644805895 -6.168156263531e-14 8.225353557989e-12 0.099
1166933782012049991385 2.246683741824e-11 -5.623530807686e-11 0.100
809448909310875526912 -1.805991467485e-11 2.166039569929e-11 0.100
455332171489123778129 1.218958961546e-12 -2.186312762775e-11 0.100
758161053986789814455 1.254511598769e-11 -2.944068600019e-13 0.100
58315727741448668811 7.430622089855e-12 -2.808456592285e-13 0.099
947919700055546501603 2.794785410043e-11 1.992931861206e-12 0.100
908866575826291123871 -2.423909163662e-12 -1.436284598200e-11 0.099
1101891174337075280514 8.351730765299e-12 -6.190274681739e-11 0.100
412666884824929477893 1.795764405232e-11 -7.861399031750e-12 0.100
999814280559900266072 2.584720458498e-11 -1.160454111276e-11 0.099
585216455120821687413 4.872286601953e-12 2.734685047856e-11 0.100
536860059417182040363 -2.307379287636e-11 2.017259276288e-11 0.099
447017307373318559795 -2.138056398593e-11 -1.070766652428e-11 0.100
276499998978590858212 -2.235520622784e-11 2.488894160213e-11 0.100
744733848967727713869 -1.982626736396e-12 -2.366133330933e-11 0.100
832233077660675294725 -7.469224891365e-13 -3.110142351992e-13 0.100
1122581659588589166798 -1.947140018665e-11 3.903247516868e-12 0.100
403254419705228927396 -1.798391643937e-11 9.449687560226e-12 0.100
615385846685210119449 2.435062221307e-11 3.307175713840e-12 0.100
847640618449328441312 1.029579459882e-11 -1.745049417468e-12 0.099
1036916429806192048720 1.736841920286e-11 -2.073554002113e-11 0.099
907565843026102005764 2.091122414116e-12 1.818022468680e-11 0.100
211960435897852790721 -2.276007160518e-11 -2.309550120594e-11 0.099
76430427783774638535 -8.166783221908e-12 3.574651338822e-11 0.100
1134153414102565131358 9.513432576436e-12 -1.199115980122e-11 0.100
144859636880570867198 1.631269772040e-11 -1.411146113156e-11 0.100
300206531191020282327 -2.845709778931e-11 1.952014765105e-11 0.100
421605800628150633962 3.260346853606e-11 4.006642673887e-12 0.100
926327787313951295049 -2.187874534321e-11 -5.844916564635e-12 0.100
762764045664096870820 -3.050683664019e-11 -7.691651135455e-12 0.100
810991080879519892796 -1.123872349351e-11 3.727907739448e-13 0.100
993783032546693328018 2.341267457684e-11 -1.298565248387e-11 0.099
494971299356376256510 -2.603350174324e-11 2.608366474199e-11 0.100
790229589923805359169 -7.709370468401e-12 4.355866362049e-11 0.100
373592213448917656493 -8.710259943867e-12 -3.380258573049e-11 0.100
