rep=1 engine=legacy load=13.13  | 36 | 10692 | 1012191 | 36 | 2015136 | 0 | +2.762135864010e-3 | 14.1011 |
rep=1 engine=frame-noprune load=12.88  | 36 | 10692 | 1012191 | 36 | 2015136 | 0 | +2.762135864010e-3 | 0.1875 |
rep=1 engine=frame load=12.88  | 36 | 10692 | 1 | 36 | 36 | 17 | +2.762135864010e-3 | 0.0142 |
rep=2 engine=legacy load=12.88  | 36 | 10692 | 1012191 | 36 | 2015136 | 0 | +2.762135864010e-3 | 18.5197 |
rep=2 engine=frame-noprune load=13.37  | 36 | 10692 | 1012191 | 36 | 2015136 | 0 | +2.762135864010e-3 | 0.2278 |
rep=2 engine=frame load=13.37  | 36 | 10692 | 1 | 36 | 36 | 17 | +2.762135864010e-3 | 0.0846 |
rep=3 engine=legacy load=13.37  | 36 | 10692 | 1012191 | 36 | 2015136 | 0 | +2.762135864010e-3 | 9.5570 |
rep=3 engine=frame-noprune load=12.91  | 36 | 10692 | 1012191 | 36 | 2015136 | 0 | +2.762135864010e-3 | 0.1525 |
rep=3 engine=frame load=12.91  | 36 | 10692 | 1 | 36 | 36 | 17 | +2.762135864010e-3 | 0.0095 |
rep=4 engine=legacy load=12.91  | 36 | 10692 | 1012191 | 36 | 2015136 | 0 | +2.762135864010e-3 | 11.9553 |
rep=4 engine=frame-noprune load=12.55  | 36 | 10692 | 1012191 | 36 | 2015136 | 0 | +2.762135864010e-3 | 0.1959 |
rep=4 engine=frame load=12.59  | 36 | 10692 | 1 | 36 | 36 | 17 | +2.762135864010e-3 | 0.0881 |
rep=5 engine=legacy load=12.59  | 36 | 10692 | 1012191 | 36 | 2015136 | 0 | +2.762135864010e-3 | 21.2984 |
rep=5 engine=frame-noprune load=14.83  | 36 | 10692 | 1012191 | 36 | 2015136 | 0 | +2.762135864010e-3 | 0.1810 |
rep=5 engine=frame load=14.83  | 36 | 10692 | 1 | 36 | 36 | 17 | +2.762135864010e-3 | 0.0426 |
