[bench.sh] load at start: 13.73

running 1 test
det  tableau_rate  fast_rate  z
  0  0.01045  0.01085  -0.4
  1  0.00925  0.00980  -0.6
  2  0.01770  0.01805  -0.3
  3  0.01890  0.02245  -2.5
  4  0.02010  0.01995  +0.1
  5  0.01825  0.01690  +1.0
  6  0.01755  0.01700  +0.4
  7  0.02010  0.02080  -0.5
  8  0.02160  0.02110  +0.3
  9  0.01695  0.01780  -0.7
 10  0.01480  0.01220  +2.3
 11  0.01485  0.01685  -1.6
 12  0.03760  0.03545  +1.1
 13  0.03485  0.03485  +0.0
 14  0.05860  0.05640  +0.9
 15  0.06090  0.06415  -1.3
 16  0.07000  0.06975  +0.1
 17  0.06185  0.06335  -0.6
 18  0.06425  0.06655  -0.9
 19  0.06835  0.07120  -1.1
 20  0.06140  0.06375  -1.0
 21  0.05355  0.05860  -2.2
 22  0.03580  0.03475  +0.6
 23  0.03795  0.03805  -0.1
 24  0.04185  0.04270  -0.4
 25  0.03825  0.03970  -0.7
 26  0.06515  0.06175  +1.4
 27  0.06320  0.06310  +0.0
 28  0.07395  0.07200  +0.7
 29  0.06950  0.07075  -0.5
 30  0.06930  0.06805  +0.5
 31  0.07275  0.07365  -0.3
 32  0.06380  0.06360  +0.1
 33  0.06170  0.06335  -0.7
 34  0.03805  0.03880  -0.4
 35  0.04165  0.04110  +0.3
 36  0.04245  0.04395  -0.7
 37  0.03920  0.03790  +0.7
 38  0.06070  0.06095  -0.1
 39  0.06535  0.06720  -0.7
 40  0.07095  0.07500  -1.6
 41  0.06855  0.06945  -0.4
 42  0.06805  0.07065  -1.0
 43  0.07125  0.07520  -1.5
 44  0.06985  0.06580  +1.6
 45  0.06355  0.05930  +1.8
 46  0.03855  0.04245  -2.0
 47  0.04350  0.04000  +1.7
 48  0.04120  0.04245  -0.6
 49  0.04020  0.03840  +0.9
 50  0.05830  0.06030  -0.8
 51  0.06475  0.06695  -0.9
 52  0.07375  0.07350  +0.1
 53  0.06905  0.06785  +0.5
 54  0.07000  0.06900  +0.4
 55  0.07270  0.07555  -1.1
 56  0.06730  0.06325  +1.6
 57  0.05985  0.06045  -0.3
 58  0.04120  0.03960  +0.8
 59  0.04155  0.03935  +1.1
 60  0.03695  0.03630  +0.3
 61  0.03575  0.03505  +0.4
 62  0.05790  0.05760  +0.1
 63  0.06175  0.05980  +0.8
 64  0.06750  0.06815  -0.3
 65  0.06805  0.06560  +1.0
 66  0.06655  0.06735  -0.3
 67  0.06715  0.06955  -1.0
 68  0.05905  0.06245  -1.4
 69  0.05850  0.05700  +0.6
 70  0.03450  0.03160  +1.6
 71  0.03320  0.03135  +1.0
 72  0.00000  0.00000  +0.0
mean detection events/shot: tableau 3.59340 fast 3.60545 z=-0.5
raw logical flip: tableau 0.16725 fast 0.16700 z=+0.1
decoded logical error: tableau 0.01350 fast 0.01225 z=+1.1
test fast_detector_sampler_matches_tableau_d3 ... ok

test result: ok. 1 passed; 0 failed; 0 ignored; 0 measured; 0 filtered out; finished in 43.46s

