rep=1 legacy load=9.85 | 36 | 10692 | 1012191 | 36 | 2015136 | 0 | +2.762135864010e-3 | 6.9013 |
rep=1 frame-noprune load=9.47 | 36 | 10692 | 1012191 | 36 | 2015136 | 0 | +2.762135864010e-3 | 0.1293 |
rep=1 frame load=9.47 | 36 | 10692 | 1 | 36 | 36 | 17 | +2.762135864010e-3 | 0.0116 |
rep=2 legacy load=9.47 | 36 | 10692 | 1012191 | 36 | 2015136 | 0 | +2.762135864010e-3 | 6.8818 |
rep=2 frame-noprune load=9.44 | 36 | 10692 | 1012191 | 36 | 2015136 | 0 | +2.762135864010e-3 | 0.0945 |
rep=2 frame load=9.44 | 36 | 10692 | 1 | 36 | 36 | 17 | +2.762135864010e-3 | 0.0125 |
rep=3 legacy load=9.44 | 36 | 10692 | 1012191 | 36 | 2015136 | 0 | +2.762135864010e-3 | 4.7420 |
rep=3 frame-noprune load=8.92 | 36 | 10692 | 1012191 | 36 | 2015136 | 0 | +2.762135864010e-3 | 0.0973 |
rep=3 frame load=8.92 | 36 | 10692 | 1 | 36 | 36 | 17 | +2.762135864010e-3 | 0.0112 |
rep=4 legacy load=8.92 | 36 | 10692 | 1012191 | 36 | 2015136 | 0 | +2.762135864010e-3 | 5.2683 |
rep=4 frame-noprune load=8.85 | 36 | 10692 | 1012191 | 36 | 2015136 | 0 | +2.762135864010e-3 | 0.1070 |
rep=4 frame load=8.85 | 36 | 10692 | 1 | 36 | 36 | 17 | +2.762135864010e-3 | 0.0114 |
rep=5 legacy load=8.85 | 36 | 10692 | 1012191 | 36 | 2015136 | 0 | +2.762135864010e-3 | 7.5638 |
rep=5 frame-noprune load=8.73 | 36 | 10692 | 1012191 | 36 | 2015136 | 0 | +2.762135864010e-3 | 0.1721 |
rep=5 frame load=8.73 | 36 | 10692 | 1 | 36 | 36 | 17 | +2.762135864010e-3 | 0.0103 |
