
running 1 test
noise mode resetonly: NoiseModel { p_1q: 0.0, p_2q: 0.0, p_meas: 0.0, p_reset: 0.02 }
det  tableau_rate  fast_rate  z
  0  0.00000  0.00000  +0.0
  1  0.00000  0.00000  +0.0
  2  0.00000  0.00000  +0.0
  3  0.00000  0.00000  +0.0
  4  0.01815  0.02075  -1.9
  5  0.01880  0.01950  -0.5
  6  0.01815  0.02065  -1.8
  7  0.01845  0.02150  -2.2
  8  0.03605  0.04090  -2.5
  9  0.04000  0.03920  +0.4
 10  0.03890  0.04070  -0.9
 11  0.03720  0.04125  -2.1
 12  0.01910  0.02125  -1.5
 13  0.02150  0.02050  +0.7
 14  0.02175  0.02075  +0.7
 15  0.01955  0.02025  -0.5
 16  0.00000  0.00000  +0.0
raw logical flip: tableau 0.00000 fast 0.00000 z=+0.0
decoded logical error: tableau 0.00000 fast 0.00000 z=+0.0
test fast_detector_sampler_matches_tableau_d3 ... ok

test result: ok. 1 passed; 0 failed; 0 ignored; 0 measured; 0 filtered out; finished in 10.46s


running 1 test
noise mode measonly: NoiseModel { p_1q: 0.0, p_2q: 0.0, p_meas: 0.02, p_reset: 0.0 }
det  tableau_rate  fast_rate  z
  0  0.01950  0.02015  -0.5
  1  0.02030  0.01995  +0.2
  2  0.01915  0.02050  -1.0
  3  0.02100  0.01995  +0.7
  4  0.03925  0.03900  +0.1
  5  0.04105  0.03935  +0.9
  6  0.03815  0.03830  -0.1
  7  0.03955  0.03950  +0.0
  8  0.04230  0.03895  +1.7
  9  0.03950  0.03965  -0.1
 10  0.03980  0.03765  +1.1
 11  0.03970  0.03815  +0.8
 12  0.06140  0.05860  +1.2
 13  0.09140  0.09230  -0.3
 14  0.09005  0.09280  -1.0
 15  0.05890  0.05685  +0.9
 16  0.00000  0.00000  +0.0
raw logical flip: tableau 0.05965 fast 0.05855 z=+0.5
decoded logical error: tableau 0.01230 fast 0.01365 z=-1.2
test fast_detector_sampler_matches_tableau_d3 ... ok

test result: ok. 1 passed; 0 failed; 0 ignored; 0 measured; 0 filtered out; finished in 9.58s


running 1 test
noise mode p2only: NoiseModel { p_1q: 0.0, p_2q: 0.01, p_meas: 0.0, p_reset: 0.0 }
det  tableau_rate  fast_rate  z
  0  0.01205  0.00880  +3.2
  1  0.02770  0.02300  +3.0
  2  0.02550  0.02510  +0.3
  3  0.01650  0.01630  +0.2
  4  0.04130  0.03900  +1.2
  5  0.08725  0.08215  +1.8
  6  0.08370  0.08580  -0.8
  7  0.04235  0.04110  +0.6
  8  0.04100  0.03990  +0.6
  9  0.08615  0.08145  +1.7
 10  0.08500  0.08090  +1.5
 11  0.04055  0.04085  -0.2
 12  0.03200  0.03180  +0.1
 13  0.05915  0.05860  +0.2
 14  0.06045  0.06015  +0.1
 15  0.02740  0.02540  +1.2
 16  0.00000  0.00000  +0.0
raw logical flip: tableau 0.10395 fast 0.10110 z=+0.9
decoded logical error: tableau 0.02255 fast 0.02355 z=-0.7
test fast_detector_sampler_matches_tableau_d3 ... ok

test result: ok. 1 passed; 0 failed; 0 ignored; 0 measured; 0 filtered out; finished in 16.18s


running 1 test
noise mode p1only: NoiseModel { p_1q: 0.02, p_2q: 0.0, p_meas: 0.0, p_reset: 0.0 }
det  tableau_rate  fast_rate  z
  0  0.00000  0.00000  +0.0
  1  0.00000  0.00000  +0.0
  2  0.00000  0.00000  +0.0
  3  0.00000  0.00000  +0.0
  4  0.00000  0.00000  +0.0
  5  0.00000  0.00000  +0.0
  6  0.00000  0.00000  +0.0
  7  0.00000  0.00000  +0.0
  8  0.00000  0.00000  +0.0
  9  0.00000  0.00000  +0.0
 10  0.00000  0.00000  +0.0
 11  0.00000  0.00000  +0.0
 12  0.00000  0.00000  +0.0
 13  0.00000  0.00000  +0.0
 14  0.00000  0.00000  +0.0
 15  0.00000  0.00000  +0.0
 16  0.00000  0.00000  +0.0
raw logical flip: tableau 0.00000 fast 0.00000 z=+0.0
decoded logical error: tableau 0.00000 fast 0.00000 z=+0.0
test fast_detector_sampler_matches_tableau_d3 ... ok

test result: ok. 1 passed; 0 failed; 0 ignored; 0 measured; 0 filtered out; finished in 14.77s


running 1 test
noise mode noreset: NoiseModel { p_1q: 0.005, p_2q: 0.005, p_meas: 0.005, p_reset: 0.0 }
det  tableau_rate  fast_rate  z
  0  0.00960  0.00935  +0.3
  1  0.01675  0.01820  -1.1
  2  0.01755  0.01905  -1.1
  3  0.01145  0.01285  -1.3
  4  0.03015  0.02990  +0.1
  5  0.05375  0.05330  +0.2
  6  0.05315  0.05250  +0.3
  7  0.02780  0.02980  -1.2
  8  0.02930  0.02915  +0.1
  9  0.05210  0.05345  -0.6
 10  0.05300  0.05160  +0.6
 11  0.02935  0.03085  -0.9
 12  0.02965  0.02755  +1.3
 13  0.05690  0.05370  +1.4
 14  0.05265  0.05455  -0.8
 15  0.02710  0.02820  -0.7
 16  0.00000  0.00000  +0.0
raw logical flip: tableau 0.07150 fast 0.06750 z=+1.6
decoded logical error: tableau 0.01175 fast 0.01060 z=+1.1
test fast_detector_sampler_matches_tableau_d3 ... ok

test result: ok. 1 passed; 0 failed; 0 ignored; 0 measured; 0 filtered out; finished in 17.12s


running 1 test
noise mode full: NoiseModel { p_1q: 0.005, p_2q: 0.005, p_meas: 0.005, p_reset: 0.005 }
test fast_detector_sampler_matches_tableau_d3 has been running for over 60 seconds
det  tableau_rate  fast_rate  z
  0  0.01006  0.01002  +0.1
  1  0.01896  0.01875  +0.3
  2  0.01835  0.01823  +0.2
  3  0.01339  0.01275  +1.1
  4  0.03526  0.03410  +1.3
  5  0.05771  0.05816  -0.4
  6  0.05611  0.05659  -0.4
  7  0.03596  0.03485  +1.2
  8  0.03970  0.03894  +0.8
  9  0.06146  0.06026  +1.0
 10  0.06079  0.06121  -0.4
 11  0.04057  0.03862  +2.0
 12  0.03467  0.03497  -0.3
 13  0.05700  0.05763  -0.5
 14  0.05953  0.05828  +1.1
 15  0.03232  0.03266  -0.4
 16  0.00000  0.00000  +0.0
raw logical flip: tableau 0.06591 fast 0.06586 z=+0.0
decoded logical error: tableau 0.01174 fast 0.01150 z=+0.4
test fast_detector_sampler_matches_tableau_d3 ... ok

test result: ok. 1 passed; 0 failed; 0 ignored; 0 measured; 0 filtered out; finished in 61.00s


running 1 test
noise mode full: NoiseModel { p_1q: 0.005, p_2q: 0.005, p_meas: 0.005, p_reset: 0.005 }
det  tableau_rate  fast_rate  z
  0  0.01045  0.01085  -0.4
  1  0.00925  0.00980  -0.6
  2  0.01770  0.01805  -0.3
  3  0.01890  0.02245  -2.5
  4  0.02010  0.01995  +0.1
  5  0.01825  0.01690  +1.0
  6  0.01755  0.01700  +0.4
  7  0.02010  0.02080  -0.5
  8  0.02160  0.02110  +0.3
  9  0.01695  0.01780  -0.7
 10  0.01480  0.01220  +2.3
 11  0.01485  0.01685  -1.6
 12  0.03760  0.03545  +1.1
 13  0.03485  0.03485  +0.0
 14  0.05860  0.05640  +0.9
 15  0.06090  0.06415  -1.3
 16  0.07000  0.06975  +0.1
 17  0.06185  0.06335  -0.6
 18  0.06425  0.06655  -0.9
 19  0.06835  0.07120  -1.1
 20  0.06140  0.06375  -1.0
 21  0.05355  0.05860  -2.2
 22  0.03580  0.03475  +0.6
 23  0.03795  0.03805  -0.1
 24  0.04185  0.04270  -0.4
 25  0.03825  0.03970  -0.7
 26  0.06515  0.06175  +1.4
 27  0.06320  0.06310  +0.0
 28  0.07395  0.07200  +0.7
 29  0.06950  0.07075  -0.5
 30  0.06930  0.06805  +0.5
 31  0.07275  0.07365  -0.3
 32  0.06380  0.06360  +0.1
 33  0.06170  0.06335  -0.7
 34  0.03805  0.03880  -0.4
 35  0.04165  0.04110  +0.3
 36  0.04245  0.04395  -0.7
 37  0.03920  0.03790  +0.7
 38  0.06070  0.06095  -0.1
 39  0.06535  0.06720  -0.7
 40  0.07095  0.07500  -1.6
 41  0.06855  0.06945  -0.4
 42  0.06805  0.07065  -1.0
 43  0.07125  0.07520  -1.5
 44  0.06985  0.06580  +1.6
 45  0.06355  0.05930  +1.8
 46  0.03855  0.04245  -2.0
 47  0.04350  0.04000  +1.7
 48  0.04120  0.04245  -0.6
 49  0.04020  0.03840  +0.9
 50  0.05830  0.06030  -0.8
 51  0.06475  0.06695  -0.9
 52  0.07375  0.07350  +0.1
 53  0.06905  0.06785  +0.5
 54  0.07000  0.06900  +0.4
 55  0.07270  0.07555  -1.1
 56  0.06730  0.06325  +1.6
 57  0.05985  0.06045  -0.3
 58  0.04120  0.03960  +0.8
 59  0.04155  0.03935  +1.1
 60  0.03695  0.03630  +0.3
 61  0.03575  0.03505  +0.4
 62  0.05790  0.05760  +0.1
 63  0.06175  0.05980  +0.8
 64  0.06750  0.06815  -0.3
 65  0.06805  0.06560  +1.0
 66  0.06655  0.06735  -0.3
 67  0.06715  0.06955  -1.0
 68  0.05905  0.06245  -1.4
 69  0.05850  0.05700  +0.6
 70  0.03450  0.03160  +1.6
 71  0.03320  0.03135  +1.0
 72  0.00000  0.00000  +0.0
raw logical flip: tableau 0.16725 fast 0.16700 z=+0.1
decoded logical error: tableau 0.01350 fast 0.01225 z=+1.1
test fast_detector_sampler_matches_tableau_d3 ... ok

test result: ok. 1 passed; 0 failed; 0 ignored; 0 measured; 0 filtered out; finished in 49.72s

