192 96 96
6 0 1 15 96 116 181
6 1 5 26 97 179 146
6 2 24 18 98 162 168
6 3 8 36 99 138 163
6 4 30 66 100 117 182
6 5 10 39 101 141 190
6 6 33 40 102 142 130
6 7 37 29 103 174 107
6 8 17 50 104 189 122
6 9 4 77 105 129 170
6 10 0 53 106 156 171
6 11 47 54 107 126 172
6 12 48 6 108 180 184
6 13 7 69 109 111 118
6 14 51 43 110 134 142
6 15 78 44 111 183 115
6 16 55 84 112 139 164
6 17 28 64 113 165 183
6 18 58 65 114 166 109
6 19 9 38 115 102 161
6 20 83 87 116 143 131
6 21 61 68 117 168 158
6 22 11 2 118 100 159
6 23 62 11 119 186 125
6 24 14 80 120 175 127
6 25 13 57 121 188 128
6 26 87 58 122 120 129
6 27 16 89 123 154 148
6 28 3 75 124 177 149
6 29 71 76 125 151 150
6 30 19 52 126 157 185
6 31 46 92 127 97 186
6 32 22 79 128 105 187
6 33 21 7 129 155 119
6 34 23 45 130 132 140
6 35 73 21 131 159 166
6 36 90 22 132 190 137
6 37 25 42 133 135 143
6 38 54 88 134 136 96
6 39 92 71 135 163 100
6 40 52 3 136 133 141
6 41 27 63 137 114 136
6 42 93 94 138 167 110
6 43 82 86 139 184 133
6 44 29 12 140 112 134
6 45 60 67 141 118 108
6 46 59 37 142 101 160
6 47 32 14 143 115 180
6 48 35 59 144 187 152
6 49 34 32 145 191 153
6 50 94 33 146 144 154
6 51 2 56 147 150 155
6 52 68 93 148 121 156
6 53 67 82 149 147 157
6 54 66 8 150 148 97
6 55 41 74 151 178 173
6 56 70 95 152 104 174
6 57 44 91 153 123 175
6 58 43 23 154 176 103
6 59 72 78 155 106 191
6 60 20 51 156 107 144
6 61 6 25 157 127 145
6 62 49 20 158 160 167
6 63 76 72 159 161 99
6 64 95 47 160 181 112
6 65 74 0 161 158 165
6 66 79 70 162 164 101
6 67 26 41 163 98 102
6 68 77 17 164 109 116
6 69 81 85 165 140 98
6 70 80 62 166 113 135
6 71 57 35 167 137 162
6 72 31 13 168 96 132
6 73 12 31 169 172 176
6 74 86 83 170 145 177
6 75 85 61 171 169 178
6 76 84 1 172 170 104
6 77 40 81 173 103 179
6 78 39 55 174 149 105
6 79 38 28 175 173 106
6 80 88 90 176 124 188
6 81 42 73 177 125 120
6 82 18 49 178 152 121
6 83 45 24 179 128 169
6 84 91 46 180 182 113
6 85 50 19 181 108 114
6 86 89 5 182 130 138
6 87 53 16 183 110 117
6 88 56 34 184 99 111
6 89 65 60 185 119 189
6 90 64 30 186 171 123
6 91 63 10 187 185 124
6 92 15 27 188 122 126
6 93 69 48 189 153 147
6 94 75 4 190 131 139
6 95 36 9 191 146 151
6 0 72 38 96 106 161
6 1 31 54 97 96 172
6 2 67 69 98 147 118
6 3 88 63 99 124 136
6 4 22 39 100 105 190
6 5 46 66 101 97 182
6 6 19 67 102 157 108
6 7 77 58 103 109 129
6 8 56 76 104 99 150
6 9 32 78 105 115 191
6 10 59 79 106 101 187
6 11 60 7 107 118 119
6 12 85 45 108 169 140
6 13 68 18 109 121 168
6 14 87 42 110 120 143
6 15 13 88 111 188 96
6 16 44 64 112 123 183
6 17 70 84 113 104 164
6 18 41 85 114 178 98
6 19 47 15 115 126 181
6 20 0 68 116 156 158
6 21 4 87 117 129 131
6 22 45 13 118 128 132
6 23 89 33 119 130 154
6 24 26 81 120 98 179
6 25 52 82 121 133 157
6 26 92 8 122 163 97
6 27 57 90 123 137 188
6 28 80 91 124 113 175
6 29 81 23 125 140 103
6 30 11 92 126 100 186
6 31 61 24 127 168 169
6 32 83 25 128 143 145
6 33 9 26 129 102 146
6 34 86 6 130 145 184
6 35 94 20 131 144 167
6 36 34 72 132 191 99
6 37 40 43 133 103 142
6 38 14 44 134 175 115
6 39 37 70 135 174 101
6 40 38 41 136 173 102
6 41 71 36 137 151 163
6 42 3 86 138 177 133
6 43 16 94 139 154 110
6 44 69 34 140 153 111
6 45 5 40 141 179 130
6 46 6 14 142 127 180
6 47 20 37 143 107 160
6 48 50 60 144 108 189
6 49 74 61 145 158 178
6 50 95 1 146 181 104
6 51 53 93 147 110 156
6 52 54 27 148 136 126
6 53 78 28 149 183 106
6 54 51 29 150 134 107
6 55 29 95 151 112 174
6 56 82 48 152 184 147
6 57 93 49 153 167 121
6 58 27 50 154 114 122
6 59 33 51 155 142 144
6 60 10 52 156 141 185
6 61 30 53 157 117 171
6 62 65 21 158 119 166
6 63 35 22 159 187 137
6 64 62 46 160 186 113
6 65 63 19 161 185 114
6 66 2 71 162 150 100
6 67 39 3 163 149 141
6 68 66 16 164 148 117
6 69 17 65 165 189 109
6 70 18 35 166 152 162
6 71 42 62 167 125 135
6 72 21 2 168 155 159
6 73 75 83 169 131 177
6 74 76 9 170 161 151
6 75 90 10 171 190 124
6 76 73 11 172 159 125
6 77 79 55 173 164 105
6 78 7 56 174 111 155
6 79 24 57 175 162 128
6 80 58 73 176 166 120
6 81 28 74 177 165 173
6 82 55 75 178 139 149
6 83 1 77 179 116 170
6 84 12 47 180 172 112
6 85 64 0 181 171 165
6 86 84 4 182 170 139
6 87 15 17 183 122 116
6 88 43 12 184 176 134
6 89 91 30 185 182 123
6 90 23 31 186 132 176
6 91 48 32 187 180 153
6 92 25 80 188 135 127
6 93 8 89 189 138 148
6 94 36 5 190 146 138
6 95 49 59 191 160 152
