192 96 96
6 0 7 29 96 132 190
6 1 2 18 97 191 146
6 2 27 74 98 102 168
6 3 49 32 99 111 183
6 4 51 80 100 159 161
6 5 25 57 101 160 181
6 6 54 8 102 161 158
6 7 16 63 103 179 107
6 8 35 21 104 188 122
6 9 37 69 105 172 170
6 10 14 43 106 186 171
6 11 40 3 107 169 172
6 12 30 77 108 114 184
6 13 8 50 109 116 118
6 14 55 89 110 117 142
6 15 81 48 111 118 115
6 16 48 31 112 134 136
6 17 23 11 113 135 163
6 18 91 10 114 136 133
6 19 24 56 115 180 182
6 20 92 55 116 181 108
6 21 79 28 117 182 130
6 22 26 58 118 108 180
6 23 19 66 119 189 125
6 24 3 36 120 129 127
6 25 41 84 121 156 128
6 26 70 34 122 126 129
6 27 34 20 123 150 148
6 28 12 6 124 174 149
6 29 86 5 125 147 150
6 30 13 42 126 187 185
6 31 87 41 127 119 186
6 32 68 17 128 144 187
6 33 15 44 129 185 119
6 34 10 53 130 138 140
6 35 9 52 131 139 166
6 36 83 51 132 140 137
6 37 28 75 133 141 143
6 38 58 23 134 142 96
6 39 93 73 135 143 100
6 40 56 90 136 96 141
6 41 73 59 137 162 164
6 42 90 9 138 163 98
6 43 76 1 139 164 109
6 44 75 61 140 98 162
6 45 78 27 141 190 131
6 46 77 93 142 130 132
6 47 53 82 143 131 159
6 48 5 39 144 154 152
6 49 4 38 145 177 153
6 50 72 37 146 151 154
6 51 17 64 147 157 155
6 52 44 12 148 97 156
6 53 88 62 149 105 157
6 54 42 85 150 155 97
6 55 62 45 151 175 173
6 56 85 4 152 103 174
6 57 65 0 153 120 175
6 58 64 47 154 173 103
6 59 67 16 155 145 191
6 60 66 88 156 146 144
6 61 39 71 157 170 145
6 62 1 26 158 165 167
6 63 61 25 159 166 99
6 64 60 24 160 167 112
6 65 59 92 161 99 165
6 66 82 49 162 168 101
6 67 29 76 163 100 102
6 68 80 95 164 101 116
6 69 95 30 165 183 110
6 70 74 60 166 109 111
6 71 50 33 167 110 134
6 72 52 81 168 158 160
6 73 0 15 169 178 176
6 74 47 14 170 104 177
6 75 46 13 171 123 178
6 76 45 87 172 176 104
6 77 71 35 173 106 179
6 78 18 65 174 107 105
6 79 69 94 175 127 106
6 80 94 19 176 121 188
6 81 63 46 177 122 120
6 82 36 22 178 148 121
6 83 38 70 179 171 169
6 84 33 7 180 184 113
6 85 32 79 181 112 114
6 86 31 78 182 113 138
6 87 57 91 183 115 117
6 88 89 83 184 133 135
6 89 22 2 185 124 189
6 90 21 68 186 125 123
6 91 20 67 187 152 124
6 92 43 86 188 128 126
6 93 84 72 189 149 147
6 94 11 54 190 137 139
6 95 6 40 191 153 151
6 0 40 38 96 169 153
6 1 52 54 97 158 139
6 2 44 42 98 97 185
6 3 65 63 99 120 107
6 4 67 39 100 145 152
6 5 68 66 101 144 125
6 6 2 67 102 191 124
6 7 56 58 103 96 180
6 8 74 76 104 109 102
6 9 53 78 105 131 138
6 10 77 79 106 130 114
6 11 78 7 107 190 113
6 12 22 20 108 124 148
6 13 70 43 109 126 171
6 14 71 69 110 106 170
6 15 3 70 111 129 169
6 16 85 64 112 103 155
6 17 86 84 113 147 128
6 18 12 85 114 174 97
6 19 87 15 115 119 176
6 20 13 68 116 187 123
6 21 14 87 117 186 104
6 22 15 13 118 185 178
6 23 31 33 119 113 134
6 24 57 81 120 115 160
6 25 80 82 121 101 159
6 26 81 8 122 118 158
6 27 75 90 123 98 141
6 28 89 91 124 133 117
6 29 90 23 125 163 96
6 30 26 92 126 108 165
6 31 79 24 127 182 112
6 32 92 25 128 181 99
6 33 24 26 129 180 167
6 34 46 21 130 123 122
6 35 47 45 131 104 173
6 36 0 46 132 178 120
6 37 88 18 133 105 146
6 38 16 71 134 179 145
6 39 17 88 135 157 144
6 40 18 16 136 107 191
6 41 94 36 137 121 127
6 42 34 86 138 150 126
6 43 35 94 139 188 106
6 44 36 34 140 148 129
6 45 37 40 141 172 151
6 46 38 14 142 171 177
6 47 39 37 143 170 154
6 48 32 60 144 112 111
6 49 59 61 145 99 162
6 50 60 1 146 167 109
6 51 29 93 147 100 132
6 52 82 27 148 168 131
6 53 93 28 149 143 130
6 54 27 29 150 102 190
6 55 50 95 151 110 116
6 56 91 48 152 136 115
6 57 95 49 153 183 101
6 58 48 50 154 134 118
6 59 54 51 155 161 137
6 60 25 52 156 160 166
6 61 51 53 157 159 140
6 62 72 6 158 151 149
6 63 4 47 159 177 103
6 64 5 72 160 154 147
6 65 6 4 161 153 174
6 66 41 44 162 156 119
6 67 42 17 163 155 187
6 68 43 41 164 128 186
6 69 62 65 165 175 105
6 70 63 35 166 122 179
6 71 64 62 167 173 157
6 72 66 2 168 146 189
6 73 11 83 169 137 135
6 74 61 9 170 166 98
6 75 83 10 171 140 133
6 76 9 11 172 139 163
6 77 58 55 173 142 108
6 78 28 56 174 141 182
6 79 55 57 175 117 181
6 80 76 73 176 164 100
6 81 49 74 177 111 168
6 82 73 75 178 162 143
6 83 7 77 179 132 184
6 84 19 22 180 189 121
6 85 20 5 181 152 150
6 86 21 19 182 125 188
6 87 69 3 183 127 172
6 88 84 12 184 149 156
6 89 33 30 185 184 110
6 90 10 31 186 138 136
6 91 30 32 187 114 183
6 92 8 80 188 116 161
6 93 23 89 189 135 142
6 94 45 0 190 176 175
6 95 1 59 191 165 164
