200 100 100
6 0 6 22 100 109 123
6 1 3 29 101 163 148
6 2 13 33 102 104 182
6 3 15 37 103 119 138
6 4 67 38 104 120 139
6 5 8 42 105 149 195
6 6 10 46 106 178 166
6 7 58 47 107 105 167
6 8 25 51 108 111 120
6 9 78 52 109 112 192
6 10 28 55 110 133 156
6 11 81 56 111 134 157
6 12 48 57 112 135 158
6 13 18 60 113 167 144
6 14 71 61 114 101 199
6 15 21 64 115 189 180
6 16 74 65 116 113 181
6 17 39 66 117 114 106
6 18 41 68 118 122 134
6 19 89 69 119 123 135
6 20 62 70 120 124 198
6 21 45 4 121 151 172
6 22 91 72 122 152 173
6 23 66 73 123 153 174
6 24 30 74 124 154 103
6 25 32 75 125 181 162
6 26 84 76 126 106 163
6 27 53 77 127 107 159
6 28 36 7 128 196 190
6 29 86 79 129 125 191
6 30 57 80 130 126 115
6 31 23 81 131 127 116
6 32 59 9 132 137 152
6 33 96 82 133 138 153
6 34 77 83 134 139 154
6 35 43 84 135 140 150
6 36 1 11 136 168 112
6 37 97 12 137 169 185
6 38 80 85 138 170 186
6 39 47 86 139 171 110
6 40 16 10 140 102 111
6 41 50 14 141 191 177
6 42 93 87 142 115 178
6 43 70 88 143 116 105
6 44 34 89 144 117 175
6 45 0 16 145 199 131
6 46 94 17 146 141 197
6 47 73 90 147 142 128
6 48 38 91 148 143 129
6 49 11 15 149 144 130
6 50 5 19 150 155 169
6 51 99 20 151 156 170
6 52 88 92 152 157 171
6 53 61 93 153 158 102
6 54 26 18 154 100 168
6 55 49 23 155 182 124
6 56 90 24 156 183 194
6 57 65 94 157 184 121
6 58 29 21 158 108 122
6 59 2 26 159 197 188
6 60 98 27 160 128 189
6 61 83 95 161 129 113
6 62 52 96 162 130 114
6 63 19 25 163 131 187
6 64 40 30 164 159 149
6 65 85 31 165 160 145
6 66 56 97 166 161 146
6 67 22 28 167 162 147
6 68 63 34 168 172 183
6 69 95 35 169 173 184
6 70 76 98 170 174 108
6 71 42 32 171 103 109
6 72 31 39 172 192 140
6 73 79 40 173 193 136
6 74 46 36 174 118 137
6 75 54 43 175 145 196
6 76 92 44 176 146 125
6 77 69 99 177 147 126
6 78 33 41 178 148 127
6 79 24 48 179 175 101
6 80 72 49 180 176 164
6 81 37 45 181 177 165
6 82 44 53 182 185 193
6 83 87 54 183 186 118
6 84 60 50 184 110 119
6 85 17 58 185 198 100
6 86 64 0 186 132 155
6 87 35 62 187 164 141
6 88 82 63 188 165 142
6 89 51 59 189 166 143
6 90 12 67 190 187 107
6 91 55 1 191 188 179
6 92 27 71 192 194 132
6 93 75 2 193 121 133
6 94 7 3 194 150 104
6 95 20 78 195 179 160
6 96 68 5 196 180 161
6 97 4 6 197 195 117
6 98 14 8 198 136 151
6 99 9 13 199 190 176
6 0 54 85 100 145 186
6 1 14 79 101 136 191
6 2 40 53 102 159 193
6 3 71 24 103 101 194
6 4 2 94 104 197 121
6 5 7 43 105 150 196
6 6 26 17 106 100 197
6 7 27 90 107 194 128
6 8 58 70 108 105 198
6 9 0 71 109 199 132
6 10 84 39 110 106 140
6 11 8 40 111 149 136
6 12 9 36 112 190 137
6 13 16 61 113 102 199
6 14 17 62 114 198 141
6 15 42 30 115 103 149
6 16 43 31 116 140 145
6 17 44 97 117 185 146
6 18 74 83 118 113 154
6 19 3 84 119 163 150
6 20 4 8 120 195 151
6 21 93 57 121 115 158
6 22 18 58 122 167 100
6 23 19 0 123 131 155
6 24 20 55 124 179 156
6 25 29 76 125 108 163
6 26 30 77 126 154 159
6 27 31 78 127 192 160
6 28 60 47 128 110 167
6 29 61 48 129 158 101
6 30 62 49 130 124 164
6 31 63 45 131 172 165
6 32 86 92 132 125 171
6 33 10 93 133 178 102
6 34 11 18 134 144 168
6 35 12 19 135 187 169
6 36 98 73 136 128 174
6 37 32 74 137 181 103
6 38 33 3 138 148 104
6 39 34 4 139 117 172
6 40 35 72 140 164 173
6 41 46 87 141 118 178
6 42 47 88 142 171 105
6 43 48 89 143 135 175
6 44 49 13 144 182 176
6 45 75 65 145 121 181
6 46 76 66 146 174 106
6 47 77 67 147 139 107
6 48 78 1 148 112 179
6 49 5 64 149 155 180
6 50 94 35 150 141 184
6 51 21 98 151 189 108
6 52 22 32 152 162 109
6 53 23 33 153 127 182
6 54 24 34 154 175 183
6 55 50 86 155 191 110
6 56 51 10 156 166 111
6 57 52 11 157 130 112
6 58 53 12 158 107 185
6 59 64 27 159 132 189
6 60 65 95 160 184 113
6 61 66 96 161 153 114
6 62 67 25 162 120 187
6 63 1 26 163 168 188
6 64 87 80 164 186 115
6 65 88 81 165 157 116
6 66 89 6 166 123 117
6 67 13 7 167 104 190
6 68 36 54 168 196 118
6 69 37 50 169 177 119
6 70 38 51 170 143 120
6 71 39 52 171 114 192
6 72 68 21 172 180 122
6 73 69 22 173 147 123
6 74 70 23 174 116 124
6 75 79 44 175 193 125
6 76 80 99 176 170 126
6 77 81 41 177 134 127
6 78 6 42 178 109 195
6 79 95 91 179 173 129
6 80 96 15 180 138 130
6 81 25 16 181 111 131
6 82 55 2 182 188 133
6 83 56 68 183 161 134
6 84 57 69 184 126 135
6 85 82 37 185 165 138
6 86 83 38 186 129 139
6 87 90 63 187 183 142
6 88 91 59 188 152 143
6 89 15 60 189 119 144
6 90 99 28 190 156 147
6 91 41 29 191 122 148
6 92 72 9 192 176 152
6 93 73 82 193 142 153
6 94 92 56 194 146 157
6 95 97 5 195 169 161
6 96 28 75 196 133 162
6 97 59 46 197 137 166
6 98 85 20 198 160 170
6 99 45 14 199 151 177
