224 112 112
6 0 7 40 112 127 157
6 1 15 48 113 134 165
6 2 33 28 114 138 169
6 3 20 56 115 142 173
6 4 21 57 116 143 140
6 5 22 58 117 115 175
6 6 43 36 118 146 177
6 7 30 64 119 150 181
6 8 31 65 120 151 148
6 9 3 66 121 119 183
6 10 49 44 122 154 185
6 11 17 45 123 155 152
6 12 51 46 124 122 187
6 13 36 72 125 158 189
6 14 37 73 126 159 156
6 15 38 74 127 125 191
6 16 39 75 128 126 158
6 17 59 52 129 162 193
6 18 26 53 130 163 160
6 19 25 54 131 129 195
6 20 46 80 132 166 197
6 21 47 81 133 167 164
6 22 13 82 134 132 199
6 23 14 83 135 133 166
6 24 65 60 136 170 201
6 25 32 61 137 171 168
6 26 67 62 138 136 203
6 27 34 63 139 137 170
6 28 52 88 140 174 204
6 29 53 89 141 175 172
6 30 54 90 142 140 206
6 31 55 91 143 141 174
6 32 75 68 144 178 208
6 33 42 69 145 179 176
6 34 41 70 146 144 210
6 35 10 71 147 145 178
6 36 62 95 148 182 211
6 37 63 96 149 183 180
6 38 28 97 150 148 213
6 39 29 98 151 149 182
6 40 81 76 152 186 214
6 41 48 77 153 187 184
6 42 83 78 154 152 216
6 43 50 79 155 153 186
6 44 68 2 156 190 116
6 45 69 102 157 191 188
6 46 70 103 158 156 217
6 47 71 104 159 157 190
6 48 91 84 160 194 218
6 49 58 85 161 195 192
6 50 57 86 162 160 220
6 51 24 87 163 161 194
6 52 78 6 164 198 120
6 53 79 106 165 199 196
6 54 44 107 166 164 221
6 55 45 108 167 165 198
6 56 96 0 168 202 123
6 57 64 92 169 203 200
6 58 98 93 170 168 222
6 59 66 94 171 169 202
6 60 84 10 172 205 126
6 61 85 11 173 206 112
6 62 86 12 174 172 128
6 63 87 110 175 173 205
6 64 104 1 176 209 130
6 65 74 99 177 210 207
6 66 73 100 178 176 223
6 67 40 101 179 177 209
6 68 93 17 180 212 133
6 69 94 18 181 213 113
6 70 60 19 182 180 135
6 71 61 111 183 181 212
6 72 106 3 184 215 137
6 73 80 4 185 216 114
6 74 108 5 186 184 139
6 75 82 105 187 185 215
6 76 1 24 188 117 141
6 77 99 25 189 217 115
6 78 100 26 190 188 143
6 79 101 27 191 189 117
6 80 110 7 192 219 145
6 81 90 8 193 220 118
6 82 89 9 194 192 147
6 83 56 109 195 193 219
6 84 5 32 196 121 149
6 85 105 33 197 221 119
6 86 76 34 198 196 151
6 87 77 35 199 197 121
6 88 18 13 200 124 153
6 89 95 14 201 222 122
6 90 111 15 202 200 155
6 91 97 16 203 201 124
6 92 8 41 204 128 125
6 93 9 42 205 112 159
6 94 109 43 206 204 127
6 95 27 20 207 131 161
6 96 103 21 208 223 129
6 97 102 22 209 207 163
6 98 72 23 210 208 131
6 99 16 49 211 135 132
6 100 0 50 212 113 167
6 101 92 51 213 211 134
6 102 6 29 214 139 136
6 103 35 30 215 114 171
6 104 107 31 216 214 138
6 105 23 59 217 116 142
6 106 12 37 218 147 144
6 107 11 38 219 118 179
6 108 88 39 220 218 146
6 109 4 67 221 120 150
6 110 19 47 222 123 154
6 111 2 55 223 130 162
6 0 93 61 112 212 168
6 1 100 69 113 188 176
6 2 103 73 114 223 156
6 3 5 77 115 121 184
6 4 105 44 116 221 185
6 5 76 79 117 196 186
6 6 107 81 118 214 164
6 7 9 85 119 112 192
6 8 109 52 120 204 193
6 9 84 87 121 205 194
6 10 12 89 122 147 172
6 11 110 56 123 219 173
6 12 88 91 124 218 174
6 13 15 92 125 134 200
6 14 16 60 126 135 201
6 15 0 94 127 113 202
6 16 92 62 128 211 203
6 17 19 96 129 123 180
6 18 111 64 130 200 181
6 19 95 98 131 222 182
6 20 22 99 132 115 207
6 21 23 68 133 116 208
6 22 1 101 134 117 209
6 23 99 70 135 217 210
6 24 26 102 136 163 188
6 25 27 72 137 131 189
6 26 2 104 138 130 190
6 27 102 74 139 207 191
6 28 30 4 140 150 114
6 29 31 76 141 151 214
6 30 3 105 142 119 215
6 31 4 78 143 120 216
6 32 34 106 144 137 196
6 33 35 80 145 114 197
6 34 6 108 146 139 198
6 35 106 82 147 215 199
6 36 38 8 148 125 118
6 37 39 84 149 126 218
6 38 7 109 150 127 219
6 39 8 86 151 128 220
6 40 42 11 152 179 112
6 41 43 88 153 146 204
6 42 10 110 154 145 205
6 43 11 90 155 118 206
6 44 46 14 156 166 122
6 45 47 0 157 167 123
6 46 13 16 158 132 124
6 47 14 93 159 133 222
6 48 50 18 160 153 113
6 49 51 95 161 122 211
6 50 17 111 162 155 212
6 51 18 97 163 124 213
6 52 54 21 164 140 129
6 53 55 1 165 141 130
6 54 20 23 166 142 131
6 55 21 100 167 143 223
6 56 58 25 168 195 115
6 57 59 2 169 162 116
6 58 24 27 170 161 117
6 59 25 103 171 129 217
6 60 62 29 172 182 136
6 61 63 3 173 183 137
6 62 28 31 174 148 138
6 63 29 5 175 149 139
6 64 66 33 176 169 119
6 65 67 6 177 136 120
6 66 32 35 178 171 121
6 67 33 107 179 138 221
6 68 70 37 180 156 144
6 69 71 7 181 157 145
6 70 36 39 182 158 146
6 71 37 9 183 159 147
6 72 74 41 184 210 125
6 73 75 10 185 178 126
6 74 40 43 186 177 127
6 75 41 12 187 144 128
6 76 78 45 188 198 152
6 77 79 13 189 199 153
6 78 44 47 190 164 154
6 79 45 15 191 165 155
6 80 82 49 192 185 132
6 81 83 17 193 152 133
6 82 48 51 194 187 134
6 83 49 19 195 154 135
6 84 86 53 196 172 160
6 85 87 20 197 173 161
6 86 52 55 198 174 162
6 87 53 22 199 175 163
6 88 90 57 200 220 140
6 89 91 24 201 194 141
6 90 56 59 202 193 142
6 91 57 26 203 160 143
6 92 94 28 204 213 169
6 93 60 63 205 180 170
6 94 61 30 206 181 171
6 95 97 65 207 201 148
6 96 98 32 208 168 149
6 97 64 67 209 203 150
6 98 65 34 210 170 151
6 99 101 36 211 189 177
6 100 68 71 212 190 178
6 101 69 38 213 191 179
6 102 104 40 214 209 157
6 103 72 75 215 208 158
6 104 73 42 216 176 159
6 105 77 46 217 197 187
6 106 108 48 218 184 165
6 107 80 83 219 216 166
6 108 81 50 220 186 167
6 109 85 54 221 206 195
6 110 89 58 222 192 175
6 111 96 66 223 202 183
