288 144 144
6 0 119 91 144 175 229
6 1 105 36 145 163 247
6 2 135 63 146 201 255
6 3 136 58 147 244 196
6 4 53 120 148 145 261
6 5 88 54 149 211 262
6 6 49 122 150 250 160
6 7 125 16 151 183 267
6 8 128 13 152 226 214
6 9 34 72 153 144 273
6 10 68 73 154 193 274
6 11 131 74 155 232 172
6 12 142 32 156 264 224
6 13 81 100 157 151 277
6 14 114 28 158 239 278
6 15 77 102 159 270 180
6 16 86 95 160 173 232
6 17 117 25 161 206 233
6 18 82 97 162 285 148
6 19 89 55 163 153 192
6 20 23 90 164 154 280
6 21 5 137 165 179 188
6 22 19 92 166 275 189
6 23 87 139 167 212 190
6 24 137 4 168 252 242
6 25 60 44 169 146 282
6 26 96 45 170 221 283
6 27 140 46 171 258 198
6 28 65 39 172 161 250
6 29 101 40 173 188 251
6 30 141 41 174 280 153
6 31 69 12 175 148 210
6 32 11 108 176 149 285
6 33 71 109 177 167 206
6 34 106 110 178 263 207
6 35 67 111 179 194 208
6 36 112 67 180 199 258
6 37 133 9 181 234 259
6 38 108 69 182 287 157
6 39 115 29 183 169 220
6 40 43 62 184 170 286
6 41 14 128 185 205 216
6 42 39 64 186 284 217
6 43 113 130 187 240 218
6 44 118 26 188 207 167
6 45 48 57 189 152 263
6 46 17 125 190 248 163
6 47 44 59 191 273 164
6 48 116 127 192 272 165
6 49 52 24 193 176 230
6 50 20 93 194 214 147
6 51 0 121 195 215 226
6 52 22 143 196 155 227
6 53 50 123 197 249 228
6 54 93 19 198 181 270
6 55 121 20 199 216 271
6 56 143 21 200 286 169
6 57 97 3 201 157 238
6 58 27 82 202 158 287
6 59 99 83 203 187 234
6 60 126 84 204 279 235
6 61 95 85 205 222 236
6 62 102 2 206 189 179
6 63 30 77 207 147 275
6 64 104 78 208 230 175
6 65 129 79 209 261 176
6 66 100 80 210 260 177
6 67 33 37 211 164 248
6 68 107 38 212 196 152
6 69 35 132 213 197 244
6 70 10 133 214 150 245
6 71 31 134 215 231 246
6 72 134 10 216 235 187
6 73 76 31 217 168 279
6 74 37 105 218 268 183
6 75 72 33 219 282 184
6 76 132 107 220 281 185
6 77 80 8 221 202 256
6 78 40 65 222 242 156
6 79 2 101 223 243 252
6 80 42 141 224 171 253
6 81 78 103 225 269 254
6 82 85 7 226 172 197
6 83 45 60 227 274 144
6 84 3 96 228 210 193
6 85 47 140 229 209 194
6 86 83 98 230 245 195
6 87 4 56 231 251 161
6 88 51 124 232 177 162
6 89 6 138 233 178 260
6 90 122 0 234 217 205
6 91 56 49 235 156 284
6 92 124 50 236 256 201
6 93 138 51 237 277 202
6 94 120 52 238 276 203
6 95 59 17 239 184 268
6 96 127 18 240 224 168
6 97 61 116 241 225 264
6 98 26 117 242 159 265
6 99 57 118 243 257 266
6 100 64 14 244 160 215
6 101 130 15 245 262 145
6 102 66 113 246 192 211
6 103 29 114 247 191 212
6 104 62 115 248 227 213
6 105 70 75 249 233 173
6 106 32 76 250 165 174
6 107 1 142 251 166 272
6 108 111 1 252 198 225
6 109 73 34 253 283 146
6 110 12 68 254 238 221
6 111 75 131 255 237 222
6 112 109 70 256 265 223
6 113 13 30 257 271 181
6 114 79 104 258 203 182
6 115 15 129 259 204 276
6 116 16 27 260 247 149
6 117 84 99 261 246 150
6 118 18 126 262 174 231
6 119 21 94 263 213 191
6 120 92 5 264 180 243
6 121 139 6 265 278 151
6 122 94 87 266 220 239
6 123 55 88 267 219 240
6 124 90 89 268 253 241
6 125 98 47 269 259 199
6 126 58 48 270 185 200
6 127 7 136 271 186 281
6 128 103 42 272 229 154
6 129 63 43 273 228 155
6 130 8 135 274 162 249
6 131 9 112 275 195 209
6 132 36 11 276 267 158
6 133 110 71 277 266 159
6 134 38 106 278 200 257
6 135 41 66 279 241 219
6 136 46 61 280 208 166
6 137 123 22 281 255 170
6 138 91 23 282 254 171
6 139 24 119 283 182 269
6 140 25 86 284 223 237
6 141 28 81 285 190 178
6 142 74 35 286 236 186
6 143 54 53 287 218 204
6 0 9 83 144 195 234
6 1 4 101 145 251 252
6 2 25 109 146 223 206
6 3 63 50 147 228 201
6 4 31 18 148 231 168
6 5 32 116 149 165 264
6 6 70 117 150 233 265
6 7 13 121 151 271 226
6 8 45 68 152 274 221
6 9 19 30 153 275 181
6 10 20 128 154 214 216
6 11 52 129 155 176 276
6 12 91 78 156 254 175
6 13 57 38 157 257 152
6 14 58 132 158 185 244
6 15 98 133 159 259 245
6 16 100 6 160 260 151
6 17 28 87 161 190 239
6 18 130 88 162 262 240
6 19 1 46 163 166 198
6 20 67 47 164 194 199
6 21 106 48 165 263 200
6 22 107 136 166 196 281
6 23 33 44 167 164 282
6 24 73 96 168 283 193
6 25 39 56 169 284 161
6 26 40 137 170 242 188
6 27 80 138 171 202 260
6 28 82 11 172 285 158
6 29 16 105 173 247 183
6 30 118 106 174 207 257
6 31 0 64 175 215 217
6 32 49 65 176 250 156
6 33 88 66 177 211 219
6 34 89 141 178 153 253
6 35 21 62 179 213 286
6 36 120 15 180 276 145
6 37 54 113 181 218 211
6 38 139 114 182 278 212
6 39 7 74 183 186 172
6 40 95 75 184 222 173
6 41 126 76 185 279 174
6 42 127 142 186 224 272
6 43 59 72 187 184 273
6 44 29 21 188 191 169
6 45 62 22 189 227 170
6 46 141 23 190 280 171
6 47 103 119 191 229 269
6 48 102 19 192 189 270
6 49 10 84 193 150 235
6 50 35 85 194 197 236
6 51 131 86 195 232 237
6 52 68 3 196 193 238
6 53 69 82 197 148 287
6 54 108 27 198 287 149
6 55 36 125 199 267 163
6 56 134 126 200 235 231
6 57 2 92 201 243 189
6 58 77 93 202 270 147
6 59 114 94 203 239 191
6 60 115 143 204 169 227
6 61 41 90 205 241 280
6 62 17 33 206 248 184
6 63 44 34 207 273 146
6 64 136 35 208 244 186
6 65 85 131 209 172 222
6 66 84 31 210 246 279
6 67 5 102 211 179 180
6 68 23 103 212 154 254
6 69 119 104 213 175 182
6 70 50 8 214 249 256
6 71 51 100 215 177 277
6 72 55 41 216 219 153
6 73 90 42 217 253 154
6 74 143 43 218 286 155
6 75 123 135 219 255 249
6 76 122 39 220 217 250
6 77 26 110 221 159 207
6 78 61 111 222 225 208
6 79 140 112 223 258 209
6 80 96 12 224 221 210
6 81 97 108 225 157 285
6 82 8 51 226 162 202
6 83 104 52 227 230 203
6 84 129 53 228 261 204
6 85 128 0 229 226 205
6 86 64 49 230 160 284
6 87 71 118 231 167 266
6 88 11 16 232 149 267
6 89 105 17 233 163 268
6 90 37 59 234 268 164
6 91 72 60 235 282 144
6 92 142 61 236 264 166
6 93 111 140 237 198 194
6 94 110 57 238 266 263
6 95 14 122 239 205 160
6 96 43 123 240 170 228
6 97 135 124 241 201 162
6 98 78 24 242 269 230
6 99 79 120 243 203 261
6 100 3 69 244 210 157
6 101 86 70 245 173 223
6 102 117 71 246 206 159
6 103 116 1 247 272 225
6 104 46 67 248 208 258
6 105 53 130 249 145 218
6 106 6 28 250 178 278
6 107 87 29 251 212 220
6 108 24 79 252 182 176
6 109 124 80 253 256 177
6 110 138 81 254 277 178
6 111 137 2 255 252 179
6 112 92 77 256 180 275
6 113 99 134 257 187 246
6 114 27 36 258 158 247
6 115 125 37 259 183 248
6 116 66 89 260 192 241
6 117 65 4 261 161 242
6 118 101 5 262 188 243
6 119 34 45 263 144 283
6 120 12 97 264 238 148
6 121 112 98 265 199 195
6 122 133 99 266 234 150
6 123 132 7 267 281 197
6 124 74 95 268 236 232
6 125 81 139 269 151 190
6 126 15 54 270 204 262
6 127 113 55 271 240 192
6 128 48 107 272 152 185
6 129 47 9 273 209 259
6 130 83 10 274 245 187
6 131 22 63 275 155 255
6 132 94 115 276 220 213
6 133 93 13 277 181 214
6 134 121 14 278 216 215
6 135 60 73 279 146 274
6 136 30 20 280 147 271
6 137 76 127 281 168 165
6 138 75 25 282 237 233
6 139 109 26 283 265 167
6 140 42 91 284 171 229
6 141 18 32 285 174 224
6 142 56 40 286 156 251
6 143 38 58 287 200 196
