288 144 144
6 0 42 119 144 169 222
6 1 109 111 145 147 247
6 2 5 118 146 199 257
6 3 80 88 147 151 258
6 4 82 87 148 203 183
6 5 13 86 149 205 154
6 6 84 85 150 246 182
6 7 93 126 151 153 197
6 8 39 108 152 158 273
6 9 133 73 153 144 274
6 10 134 71 154 162 208
6 11 68 135 155 164 170
6 12 67 69 156 196 207
6 13 16 52 157 234 278
6 14 19 136 158 168 279
6 15 21 84 159 238 218
6 16 0 83 160 240 175
6 17 23 82 161 272 217
6 18 115 49 162 170 221
6 19 40 48 163 172 178
6 20 117 47 164 208 220
6 21 41 46 165 245 145
6 22 118 45 166 274 156
6 23 43 44 167 204 181
6 24 28 123 168 174 232
6 25 122 97 169 145 233
6 26 124 95 170 178 167
6 27 125 94 171 180 148
6 28 54 141 172 221 166
6 29 74 36 173 184 284
6 30 77 132 174 146 285
6 31 78 68 175 188 243
6 32 12 134 176 190 200
6 33 11 66 177 231 242
6 34 142 33 178 148 246
6 35 106 113 179 150 203
6 36 105 31 180 167 245
6 37 108 112 181 195 151
6 38 107 30 182 233 172
6 39 29 110 183 163 206
6 40 45 23 184 198 286
6 41 47 89 185 264 253
6 42 2 20 186 266 210
6 43 49 19 187 283 252
6 44 50 117 188 200 256
6 45 3 116 189 202 213
6 46 52 115 190 243 255
6 47 4 43 191 271 152
6 48 53 42 192 285 177
6 49 6 41 193 239 216
6 50 79 17 194 207 153
6 51 136 16 195 247 180
6 52 81 15 196 171 219
6 53 83 14 197 244 155
6 54 58 60 198 209 262
6 55 61 137 199 152 263
6 56 63 92 200 213 193
6 57 64 91 201 215 159
6 58 7 140 202 256 192
6 59 138 57 203 154 196
6 60 139 56 204 156 162
6 61 90 129 205 183 195
6 62 140 55 206 220 144
6 63 91 128 207 258 150
6 64 92 127 208 179 165
6 65 112 12 209 157 287
6 66 113 76 210 223 269
6 67 33 77 211 225 235
6 68 32 9 212 261 268
6 69 114 106 213 159 272
6 70 36 142 214 161 238
6 71 35 104 215 193 271
6 72 38 109 216 230 168
6 73 37 29 217 263 202
6 74 1 107 218 189 241
6 75 132 74 219 166 169
6 76 131 8 220 197 205
6 77 65 72 221 149 244
6 78 66 70 222 194 171
6 79 85 53 223 235 277
6 80 14 6 224 237 248
6 81 87 5 225 269 276
6 82 15 51 226 282 173
6 83 88 50 227 287 212
6 84 17 3 228 265 251
6 85 18 81 229 242 174
6 86 89 80 230 273 215
6 87 20 79 231 201 254
6 88 22 13 232 270 176
6 89 116 2 233 206 179
6 90 96 27 234 173 280
6 91 98 100 235 248 228
6 92 99 25 236 250 185
6 93 24 102 237 277 227
6 94 101 121 238 175 231
6 95 102 120 239 177 188
6 96 25 143 240 218 230
6 97 103 54 241 255 146
6 98 26 125 242 279 161
6 99 27 124 243 214 191
6 100 143 24 244 182 147
6 101 120 99 245 222 164
6 102 121 98 246 155 194
6 103 123 96 247 219 149
6 104 135 38 248 185 283
6 105 71 39 249 187 264
6 106 70 1 250 228 282
6 107 73 114 251 260 198
6 108 72 34 252 280 237
6 109 8 35 253 224 267
6 110 76 133 254 192 199
6 111 75 65 255 232 240
6 112 9 131 256 160 270
6 113 10 67 257 229 201
6 114 104 32 258 165 204
6 115 44 22 259 268 209
6 116 119 21 260 284 250
6 117 46 0 261 236 275
6 118 48 18 262 281 211
6 119 51 40 263 241 214
6 120 127 62 264 210 261
6 121 128 7 265 212 223
6 122 55 64 266 253 260
6 123 129 59 267 276 157
6 124 56 130 268 286 187
6 125 57 61 269 249 226
6 126 130 90 270 217 158
6 127 59 139 271 257 190
6 128 60 138 272 176 229
6 129 62 93 273 254 160
6 130 137 58 274 181 163
6 131 111 78 275 227 234
6 132 110 10 276 262 266
6 133 30 11 277 186 281
6 134 31 75 278 259 236
6 135 34 105 279 191 239
6 136 86 4 280 267 249
6 137 141 26 281 252 184
6 138 94 103 282 278 225
6 139 95 28 283 211 259
6 140 97 101 284 275 186
6 141 100 122 285 216 189
6 142 69 37 286 226 265
6 143 126 63 287 251 224
6 0 9 62 144 160 261
6 1 25 21 145 218 250
6 2 30 97 146 186 233
6 3 1 100 147 189 228
6 4 34 27 148 191 280
6 5 77 103 149 146 225
6 6 35 63 150 193 224
6 7 3 37 151 202 265
6 8 55 47 152 253 220
6 9 7 50 153 256 212
6 10 59 5 154 257 276
6 11 102 53 155 177 277
6 12 60 22 156 176 209
6 13 65 123 157 149 232
6 14 8 126 158 224 197
6 15 69 57 159 226 196
6 16 112 129 160 157 195
6 17 70 98 161 228 194
6 18 10 60 162 229 262
6 19 39 130 163 158 187
6 20 11 101 164 231 186
6 21 114 64 165 159 260
6 22 75 28 166 232 259
6 23 36 26 167 161 184
6 24 14 72 168 237 244
6 25 0 75 169 240 236
6 26 18 11 170 242 281
6 27 52 78 171 243 234
6 28 19 38 172 168 283
6 29 90 82 173 183 217
6 30 24 85 174 277 182
6 31 94 16 175 278 180
6 32 128 88 176 212 258
6 33 95 48 177 211 178
6 34 26 19 178 279 252
6 35 64 89 179 215 253
6 36 27 51 180 214 173
6 37 130 23 181 217 286
6 38 100 6 182 216 248
6 39 61 4 183 152 249
6 40 29 137 184 163 263
6 41 104 92 185 165 193
6 42 133 140 186 144 192
6 43 105 124 187 167 191
6 44 31 95 188 259 167
6 45 74 141 189 184 166
6 46 32 127 190 261 165
6 47 135 99 191 185 164
6 48 110 58 192 262 163
6 49 71 56 193 187 162
6 50 78 102 194 188 227
6 51 37 61 195 263 226
6 52 12 59 196 190 157
6 53 76 7 197 192 223
6 54 40 107 198 172 241
6 55 2 110 199 266 206
6 56 44 32 200 268 204
6 57 87 113 201 269 203
6 58 45 73 202 198 274
6 59 4 35 203 271 267
6 60 23 114 204 272 198
6 61 5 76 205 199 269
6 62 89 39 206 273 264
6 63 50 12 207 200 287
6 64 20 10 208 201 266
6 65 54 115 209 221 255
6 66 120 42 210 222 177
6 67 139 118 211 156 257
6 68 121 83 212 155 175
6 69 56 45 213 286 156
6 70 99 119 214 250 222
6 71 57 86 215 249 154
6 72 141 49 216 252 221
6 73 126 17 217 251 153
6 74 96 15 218 173 219
6 75 103 52 219 255 278
6 76 62 20 220 254 210
6 77 28 18 221 174 211
6 78 101 0 222 175 275
6 79 66 121 223 194 231
6 80 109 143 224 147 230
6 81 67 138 225 196 229
6 82 142 125 226 148 161
6 83 131 93 227 197 160
6 84 106 91 228 150 159
6 85 113 128 229 223 150
6 86 72 96 230 280 149
6 87 33 94 231 225 148
6 88 111 24 232 227 147
6 89 38 25 233 230 185
6 90 13 131 234 205 270
6 91 79 67 235 207 201
6 92 117 134 236 208 200
6 93 80 108 237 151 273
6 94 15 70 238 282 171
6 95 49 135 239 283 170
6 96 16 111 240 234 247
6 97 119 74 241 284 169
6 98 85 33 242 235 246
6 99 46 31 243 236 245
6 100 53 77 244 285 235
6 101 21 36 245 238 284
6 102 6 34 246 239 237
6 103 51 1 247 241 282
6 104 91 80 248 258 215
6 105 125 136 249 180 279
6 106 92 116 250 179 213
6 107 143 84 251 182 218
6 108 137 43 252 181 152
6 109 122 41 253 145 216
6 110 129 87 254 276 183
6 111 97 46 255 275 145
6 112 58 44 256 209 181
6 113 127 2 257 210 179
6 114 63 3 258 213 251
6 115 134 139 259 162 190
6 116 107 122 260 233 189
6 117 68 120 261 164 188
6 118 132 54 262 166 146
6 119 73 55 263 260 144
6 120 41 105 264 245 239
6 121 84 142 265 246 238
6 122 42 132 266 169 285
6 123 136 109 267 247 168
6 124 115 68 268 170 243
6 125 81 66 269 171 242
6 126 88 112 270 287 151
6 127 47 71 271 264 208
6 128 17 69 272 265 207
6 129 86 8 273 267 205
6 130 22 9 274 270 268
6 131 140 117 275 220 256
6 132 123 81 276 219 174
6 133 93 79 277 153 254
6 134 138 13 278 154 176
6 135 98 14 279 248 155
6 136 108 90 280 195 158
6 137 118 133 281 274 199
6 138 82 106 282 203 272
6 139 43 104 283 204 271
6 140 116 29 284 206 202
6 141 48 30 285 281 172
6 142 124 40 286 178 214
6 143 83 65 287 244 240
