chis [256, 512, 1024, 2048, 2800]
step | nf chi256 | nf chi512 | nf chi1024 | nf chi2048 | nf chi2800 | nf best ± err | stag chi256 | stag chi512 | stag chi1024 | stag chi2048 | stag chi2800 | stag best ± err | terr_SCV(chimax)
   1 | +3.650671 | +3.650671 | +3.650671 | +3.650671 | +3.650671 | +3.650671 ± 0.0e+00 | -54.845406 | -54.845406 | -54.845406 | -54.845406 | -54.845406 | -54.845406 ± 0.0e+00 | 0.0e+00
   2 | +2.715205 | +2.715205 | +2.715205 | +2.715205 | +2.715205 | +2.715205 ± 0.0e+00 | -41.091820 | -41.091820 | -41.091820 | -41.091820 | -41.091820 | -41.091820 ± 0.0e+00 | 7.7e-19
   3 | +1.480150 | +1.480150 | +1.480150 | +1.480150 | +1.480150 | +1.480150 ± 0.0e+00 | -23.068853 | -23.068853 | -23.068853 | -23.068853 | -23.068853 | -23.068853 ± 0.0e+00 | 5.0e-18
   4 | +0.286461 | +0.286461 | +0.286461 | +0.286461 | +0.286461 | +0.286461 ± 0.0e+00 | -5.838538 | -5.838538 | -5.838538 | -5.838538 | -5.838538 | -5.838538 ± 0.0e+00 | 9.3e-18
   5 | -0.589960 | -0.589960 | -0.589960 | -0.589960 | -0.589960 | -0.589960 ± 0.0e+00 | +6.669189 | +6.669189 | +6.669189 | +6.669189 | +6.669189 | +6.669189 ± 0.0e+00 | 2.0e-17
   6 | -1.007995 | -1.007995 | -1.007995 | -1.007995 | -1.007995 | -1.007995 ± 0.0e+00 | +12.651646 | +12.651646 | +12.651646 | +12.651646 | +12.651646 | +12.651646 ± 0.0e+00 | 3.2e-17
   7 | -0.973485 | -0.973485 | -0.973485 | -0.973485 | -0.973485 | -0.973485 ± 0.0e+00 | +12.426263 | +12.426263 | +12.426263 | +12.426263 | +12.426263 | +12.426263 ± 0.0e+00 | 5.7e-17
   8 | -0.610328 | -0.610328 | -0.610328 | -0.610328 | -0.610328 | -0.610328 ± 0.0e+00 | +7.796420 | +7.796420 | +7.796420 | +7.796420 | +7.796420 | +7.796420 ± 0.0e+00 | 8.0e-17
   9 | -0.107441 | -0.107441 | -0.107441 | -0.107441 | -0.107441 | -0.107441 ± 0.0e+00 | +1.219707 | +1.219707 | +1.219707 | +1.219707 | +1.219707 | +1.219707 ± 0.0e+00 | 1.2e-16
  10 | +0.345667 | +0.345667 | +0.345667 | +0.345667 | +0.345667 | +0.345667 ± 0.0e+00 | -4.971765 | -4.971765 | -4.971765 | -4.971765 | -4.971765 | -4.971765 ± 0.0e+00 | 1.8e-16
  11 | +0.618242 | +0.618242 | +0.618242 | +0.618242 | +0.618242 | +0.618242 ± 0.0e+00 | -9.171391 | -9.171390 | -9.171390 | -9.171390 | -9.171390 | -9.171390 ± 0.0e+00 | 2.5e-16
  12 | +0.671350 | +0.671348 | +0.671348 | +0.671348 | +0.671348 | +0.671348 ± 3.9e-14 | -10.799776 | -10.799762 | -10.799762 | -10.799762 | -10.799762 | -10.799762 ± 1.1e-13 | 1.2e-15
  13 | +0.551096 | +0.551077 | +0.551077 | +0.551077 | +0.551077 | +0.551077 ± 7.7e-13 | -10.222127 | -10.222010 | -10.222008 | -10.222008 | -10.222008 | -10.222008 ± 3.2e-12 | 6.2e-14
  14 | +0.348783 | +0.348706 | +0.348704 | +0.348704 | +0.348704 | +0.348704 ± 2.1e-11 | -8.341669 | -8.341132 | -8.341120 | -8.341120 | -8.341120 | -8.341120 ± 8.7e-11 | 2.4e-12
  15 | +0.152981 | +0.152751 | +0.152739 | +0.152739 | +0.152739 | +0.152739 ± 3.2e-10 | -6.099609 | -6.097810 | -6.097735 | -6.097735 | -6.097735 | -6.097735 ± 1.3e-09 | 6.2e-11
  16 | +0.018651 | +0.018199 | +0.018138 | +0.018138 | +0.018138 | +0.018138 ± 2.3e-09 | -4.140142 | -4.136209 | -4.135819 | -4.135817 | -4.135817 | -4.135817 ± 1.0e-08 | 1.2e-09
  17 | -0.038147 | -0.038424 | -0.038689 | -0.038691 | -0.038691 | -0.038691 ± 8.0e-09 | -2.746944 | -2.742781 | -2.741091 | -2.741080 | -2.741080 | -2.741080 ± 3.8e-08 | 1.7e-08
  18 | -0.028658 | -0.027140 | -0.028130 | -0.028144 | -0.028144 | -0.028144 ± 1.2e-08 | -1.964520 | -1.968746 | -1.962427 | -1.962374 | -1.962374 | -1.962374 ± 3.6e-08 | 1.9e-07
  19 | +0.024609 | +0.030425 | +0.027239 | +0.027170 | +0.027170 | +0.027170 ± 1.9e-07 | -1.746321 | -1.772853 | -1.752167 | -1.751896 | -1.751897 | -1.751897 ± 1.1e-06 | 1.7e-06
  20 | +0.099434 | +0.112138 | +0.103163 | +0.102849 | +0.102851 | +0.102851 ± 1.7e-06 | -2.029851 | -2.093885 | -2.034072 | -2.032793 | -2.032802 | -2.032802 ± 8.7e-06 | 1.2e-05

=== g=0 calibration: |TEBD - exact free| at step 16,18,20
chi=256: stag err 8.0e-03 9.7e-02 1.5e+00  n_f err 6.6e-04 1.2e-02 2.0e-01  terr(20) SCV 5.3e-01
chi=512: stag err 2.1e-04 2.3e-03 1.4e-01  n_f err 5.0e-05 7.2e-04 1.7e-02  terr(20) SCV 1.0e-01
chi=1024: stag err 4.0e-06 3.1e-04 9.6e-04  n_f err 7.1e-07 5.8e-05 5.0e-05  terr(20) SCV 5.5e-03
chi=2048: stag err 1.2e-08 1.3e-06 2.2e-05  n_f err 2.7e-09 2.5e-07 5.4e-06  terr(20) SCV 1.3e-04
