== centre-site densities (sites 29,30; both chains) meson-SCV and SCV, by L, steps 1..20
--- nf contribution of sites [29, 30] (sum (-1)^r (n_i+n_o)_meson - SCV)
step         L=6         L=8        L=10        L=12        |d6-8|     |d8-10|    |d10-12|
   1    3.736009    3.736009    3.736009    3.736009      6.22e-15    7.11e-15    6.22e-15
   2    3.016854    3.016857    3.016857    3.016857      3.07e-06    1.02e-14    1.20e-14
   3    2.031329    2.031376    2.031375    2.031375      4.75e-05    6.33e-07    5.79e-09
   4    1.012932    1.013274    1.013262    1.013263      3.42e-04    1.15e-05    2.85e-07
   5    0.165014    0.166290    0.166217    0.166220      1.28e-03    7.31e-05    3.10e-06
   6   -0.387594   -0.384527   -0.384780   -0.384765      3.07e-03    2.53e-04    1.56e-05
   7   -0.612887   -0.607361   -0.607935   -0.607888      5.53e-03    5.74e-04    4.70e-05
   8   -0.559980   -0.551448   -0.552382   -0.552286      8.53e-03    9.34e-04    9.61e-05
   9   -0.331320   -0.318713   -0.319851   -0.319715      1.26e-02    1.14e-03    1.37e-04
  10   -0.045988   -0.027650   -0.028750   -0.028639      1.83e-02    1.10e-03    1.11e-04
  11    0.197457    0.222109    0.220882    0.220824      2.47e-02    1.23e-03    5.85e-05
  12    0.346466    0.374402    0.371473    0.371069      2.79e-02    2.93e-03    4.04e-04
  13    0.398161    0.421951    0.413285    0.412501      2.38e-02    8.67e-03    7.85e-04
  14    0.381379    0.392300    0.371562    0.370709      1.09e-02    2.07e-02    8.53e-04
  15    0.329633    0.324106    0.285061    0.284758      5.53e-03    3.90e-02    3.02e-04
  16    0.261998    0.247720    0.188065    0.188769      1.43e-02    5.97e-02    7.04e-04
  17    0.181412    0.178425    0.102268    0.103657      2.99e-03    7.62e-02    1.39e-03
  18    0.086514    0.120508    0.037139    0.037903      3.40e-02    8.34e-02    7.65e-04
  19   -0.015327    0.074298   -0.006129   -0.007921      8.96e-02    8.04e-02    1.79e-03
  20   -0.103975    0.040071   -0.030385   -0.036817      1.44e-01    7.05e-02    6.43e-03
--- nf contribution of sites [27, 28, 29, 30, 31, 32] (sum (-1)^r (n_i+n_o)_meson - SCV)
step         L=6         L=8        L=10        L=12        |d6-8|     |d8-10|    |d10-12|
   1    3.650671    3.650671    3.650671    3.650671      5.77e-15    6.66e-15    4.00e-15
   2    2.715431    2.715244    2.715244    2.715244      1.86e-04    1.06e-07    2.17e-09
   3    1.482224    1.480687    1.480696    1.480695      1.54e-03    8.73e-06    2.49e-07
   4    0.294345    0.289299    0.289353    0.289349      5.05e-03    5.37e-05    3.97e-06
   5   -0.571322   -0.580440   -0.580346   -0.580372      9.12e-03    9.42e-05    2.59e-05
   6   -0.974405   -0.983982   -0.984079   -0.984178      9.58e-03    9.64e-05    9.93e-05
   7   -0.919067   -0.924646   -0.925173   -0.925449      5.58e-03    5.27e-04    2.77e-04
   8   -0.521262   -0.527581   -0.527449   -0.528109      6.32e-03    1.32e-04    6.59e-04
   9    0.040555    0.011631    0.016782    0.015252      2.89e-02    5.15e-03    1.53e-03
  10    0.579119    0.493653    0.511781    0.508185      8.55e-02    1.81e-02    3.60e-03
  11    0.949782    0.780483    0.819854    0.811691      1.69e-01    3.94e-02    8.16e-03
  12    1.087520    0.833730    0.896862    0.880019      2.54e-01    6.31e-02    1.68e-02
  13    1.014012    0.707792    0.786753    0.756199      3.06e-01    7.90e-02    3.06e-02
  14    0.809811    0.503539    0.581172    0.533095      3.06e-01    7.76e-02    4.81e-02
  15    0.566342    0.311686    0.369735    0.304507      2.55e-01    5.80e-02    6.52e-02
  16    0.344738    0.178668    0.208094    0.132211      1.66e-01    2.94e-02    7.59e-02
  17    0.162123    0.108206    0.113905    0.038842      5.39e-02    5.70e-03    7.51e-02
  18    0.006291    0.085664    0.080833    0.018489      7.94e-02    4.83e-03    6.23e-02
  19   -0.137305    0.100803    0.094057    0.051198      2.38e-01    6.75e-03    4.29e-02
  20   -0.265380    0.153901    0.138586    0.113799      4.19e-01    1.53e-02    2.48e-02
--- full-window n_f (sum over whole window)
   1    3.650671    3.650671    3.650671    3.650671
   2    2.715431    2.715203    2.715205    2.715205
   3    1.482224    1.480101    1.480151    1.480150
   4    0.294345    0.286109    0.286475    0.286461
   5   -0.571322   -0.591377   -0.589859   -0.589959
   6   -0.974405   -1.012269   -1.007537   -1.007982
   7   -0.919067   -0.984854   -0.971989   -0.973424
   8   -0.521262   -0.638190   -0.606374   -0.610110
   9    0.040555   -0.168736   -0.098323   -0.106841
  10    0.579119    0.227988    0.364919    0.346986
  11    0.949782    0.422909    0.656124    0.620490
  12    1.087520    0.390125    0.740458    0.673866
  13    1.014012    0.196595    0.666347    0.550924
  14    0.809811   -0.048467    0.522418    0.339146
  15    0.566342   -0.253189    0.387859    0.123174
  16    0.344738   -0.376977    0.303858   -0.043090
  17    0.162123   -0.425411    0.274576   -0.139202
  18    0.006291   -0.420972    0.285120   -0.167251
  19   -0.137305   -0.376939    0.318392   -0.141241
  20   -0.265380   -0.291314    0.362552   -0.080952
--- SCV stag per window and centre-6 SCV stag
SCV centre-6 stag
   1   -5.561344   -5.476007   -5.476007   -5.476007      8.53e-02    1.07e-14    7.11e-15
   2   -4.377506   -4.075989   -4.079407   -4.079368      3.02e-01    3.42e-03    3.95e-05
   3   -2.787351   -2.232358   -2.254127   -2.253475      5.55e-01    2.18e-02    6.51e-04
   4   -1.198464   -0.453687   -0.519092   -0.515359      7.45e-01    6.54e-02    3.73e-03
   5    0.054864    0.857446    0.722855    0.735831      8.03e-01    1.35e-01    1.30e-02
   6    0.794694    1.505571    1.287020    1.320245      7.11e-01    2.19e-01    3.32e-02
   7    1.008375    1.507446    1.206942    1.275495      4.99e-01    3.01e-01    6.86e-02
   8    0.807108    1.034498    0.670982    0.790564      2.27e-01    3.64e-01    1.20e-01
   9    0.366115    0.332451   -0.061996    0.119603      3.37e-02    3.94e-01    1.82e-01
  10   -0.133628   -0.357767   -0.744134   -0.498864      2.24e-01    3.86e-01    2.45e-01
  11   -0.552877   -0.864217   -1.204202   -0.904014      3.11e-01    3.40e-01    3.00e-01
  12   -0.822573   -1.119231   -1.382447   -1.043254      2.97e-01    2.63e-01    3.39e-01
  13   -0.944646   -1.154026   -1.322231   -0.961766      2.09e-01    1.68e-01    3.60e-01
  14   -0.964999   -1.056045   -1.123469   -0.757496      9.10e-02    6.74e-02    3.66e-01
  15   -0.933790   -0.912736   -0.884568   -0.526877      2.11e-02    2.82e-02    3.58e-01
  16   -0.876613   -0.773059   -0.665003   -0.330172      1.04e-01    1.08e-01    3.35e-01
  17   -0.791996   -0.643876   -0.483006   -0.188503      1.48e-01    1.61e-01    2.95e-01
  18   -0.670897   -0.513550   -0.337147   -0.101894      1.57e-01    1.76e-01    2.35e-01
  19   -0.519246   -0.379439   -0.228621   -0.068171      1.40e-01    1.51e-01    1.60e-01
  20   -0.366032   -0.259859   -0.169070   -0.090276      1.06e-01    9.08e-02    7.88e-02
== converged-up-to step (first step where max over ctr-6 per-site densities exceeds 1e-4, change L->L+2)
L=6->8 SCV: ctr6 converged through step 0; ctr2 through step 2; maxdiff ctr6 per step: 2e-02 8e-02 2e-01 2e-01 3e-01 3e-01 3e-01 2e-01 2e-01 3e-01 3e-01 2e-01 2e-01 1e-01 1e-01 8e-02 5e-02 3e-02 2e-02 2e-02
L=6->8 meson: ctr6 converged through step 0; ctr2 through step 2; maxdiff ctr6 per step: 2e-02 8e-02 2e-01 2e-01 3e-01 3e-01 3e-01 2e-01 2e-01 2e-01 2e-01 2e-01 2e-01 1e-01 9e-02 6e-02 5e-02 4e-02 6e-02 1e-01
   n_f(c6) L=6->8 converged through step 1
L=8->10 SCV: ctr6 converged through step 1; ctr2 through step 5; maxdiff ctr6 per step: 2e-15 9e-04 6e-03 2e-02 4e-02 7e-02 1e-01 1e-01 2e-01 2e-01 2e-01 2e-01 2e-01 2e-01 2e-01 2e-01 1e-01 1e-01 1e-01 9e-02
L=8->10 meson: ctr6 converged through step 1; ctr2 through step 4; maxdiff ctr6 per step: 2e-15 9e-04 6e-03 2e-02 4e-02 7e-02 1e-01 1e-01 2e-01 2e-01 2e-01 2e-01 2e-01 2e-01 2e-01 2e-01 2e-01 1e-01 1e-01 1e-01
   n_f(c6) L=8->10 converged through step 6
L=10->12 SCV: ctr6 converged through step 2; ctr2 through step 7; maxdiff ctr6 per step: 3e-15 1e-05 2e-04 1e-03 4e-03 9e-03 2e-02 4e-02 6e-02 8e-02 1e-01 1e-01 1e-01 2e-01 2e-01 2e-01 2e-01 1e-01 1e-01 1e-01
L=10->12 meson: ctr6 converged through step 2; ctr2 through step 7; maxdiff ctr6 per step: 3e-15 1e-05 2e-04 1e-03 4e-03 9e-03 2e-02 4e-02 6e-02 8e-02 1e-01 1e-01 1e-01 2e-01 2e-01 2e-01 1e-01 1e-01 1e-01 1e-01
   n_f(c6) L=10->12 converged through step 6
